1        0 224904  37349  128  37349    -1   -1     -1    -1  1   7  -1  -1 29  2 -1 -1
2     4751 257510  43349  128  42924    -1   -1     -1    -1  1   7  -1  -1 29  2 -1 -1
3    91769 213864     22  128     -1    -1   -1     -1    -1  1   7  -1  -1 29  2 -1 -1
4   138658  86135   4138    8   4138    -1   -1     -1    -1  1   3  -1  -1 28  2 -1 -1
5   138682  86354     58    4     -1    -1   -1     -1    -1  1   1  -1  -1  2  2 -1 -1
6   140276  84762    681    1     -1    -1   -1     -1    -1  1   2  -1  -1  2  2 -1 -1
7   141888 265755     94  256  60.92    -1   -1     -1    -1  1  18  -1  -1 17  2 -1 -1
8   141902 265840     60  256  52.10    -1   -1     -1    -1  1  18  -1  -1 17  2 -1 -1
9   141918 265888     74  256  67.95    -1   -1     -1    -1  1  18  -1  -1 17  2 -1 -1
10   141934 265952     90  256  75.78    -1   -1     -1    -1  1  18  -1  -1 17  2 -1 -1
11   143227 264753     86  256  79.24    -1   -1     -1    -1  1  18  -1  -1 17  2 -1 -1
12   146537 261534    255  256 246.04    -1   -1     -1    -1  1  18  -1  -1 17  2 -1 -1
13   148219  76566  12717   64  12717    -1   -1     -1    -1  1   3  -1  -1 28  2 -1 -1
14   164187  64753  25646    8  25626    -1   -1     -1    -1  1   3  -1  -1 28  2 -1 -1
15   176763  60750  29196   16  29174    -1   -1     -1    -1  1   3  -1  -1 28  2 -1 -1
16   196607  28178   6181   11   6181    -1   -1     -1    -1  1   4  -1  -1 21  2 -1 -1
17   210534  14257  29092   11  29092    -1   -1     -1    -1  1   6  -1  -1 21  2 -1 -1
18   210605  14236  29103   11  29103    -1   -1     -1    -1  1   6  -1  -1 21  2 -1 -1
19   210652  14175  29165   11  29165    -1   -1     -1    -1  1   6  -1  -1 21  2 -1 -1
20   210683  14137  29213   11  29213    -1   -1     -1    -1  1   6  -1  -1 21  2 -1 -1
21   210712  14109  29253   11  29253    -1   -1     -1    -1  1   6  -1  -1 21  2 -1 -1
22   210731  14061  29283   11  29283    -1   -1     -1    -1  1   6  -1  -1 21  2 -1 -1
23   225085  86354     67    4     -1    -1   -1     -1    -1  1   1  -1  -1  2  2 -1 -1
24   225715  85725   1196    1     -1    -1   -1     -1    -1  1   2  -1  -1  2  2 -1 -1
48   252153      5  18163   64  18145    -1   -1     -1    -1  1   8  -1  -1 22  2 -1 -1
49   253709      6  31414   16  31382    -1   -1     -1    -1  1   8  -1  -1 20  2 -1 -1
50   253797      5  25111    8  25085    -1   -1     -1    -1  1   8  -1  -1 20  2 -1 -1
51   253854      6  32930    8  32905    -1   -1     -1    -1  1   8  -1  -1 20  2 -1 -1
52   254581     13  25731    8  25714    -1   -1     -1    -1  1   3  -1  -1 28  2 -1 -1
53   266705     11  29306   16  29289    -1   -1     -1    -1  1   3  -1  -1 28  2 -1 -1
54   270316      6  19741   64  19721    -1   -1     -1    -1  1   8  -1  -1 22  2 -1 -1
55   275349      4  17210   32  17194    -1   -1     -1    -1  1   9  -1  -1 34  2 -1 -1
56   278907      8  25688    8  25665    -1   -1     -1    -1  1   8  -1  -1 20  2 -1 -1
57   280320      5  25498    8  25474    -1   -1     -1    -1  1   8  -1  -1 20  2 -1 -1
58   285118     12  31484   16  31465    -1   -1     -1    -1  1   8  -1  -1 20  2 -1 -1
59   286783      7  33188    8  33162    -1   -1     -1    -1  1   8  -1  -1 20  2 -1 -1
60   290059     15  21375   64  21340    -1   -1     -1    -1  1   8  -1  -1 22  2 -1 -1
61   292615      5  32112   16  32097    -1   -1     -1    -1  1  12  -1  -1 20  2 -1 -1
62   296891      6  43347   11  43178    -1   -1     -1    -1  1   6  -1  -1 21  2 -1 -1
63   296932      6  43337   11  43295    -1   -1     -1    -1  1   6  -1  -1 21  2 -1 -1
64   296962      6  43347   11  43292    -1   -1     -1    -1  1   6  -1  -1 21  2 -1 -1
65   297008      9  43348   11  43274    -1   -1     -1    -1  1   6  -1  -1 21  2 -1 -1
66   297035      7  43344   11  43310    -1   -1     -1    -1  1   6  -1  -1 21  2 -1 -1
67   304251      0     30    1  28.80    -1   -1     -1    -1  1  10  -1  -1  0  1 -1 -1
68   304364      0     21    8  20.25    -1   -1     -1    -1  1  10  -1  -1  0  1 -1 -1
69   304500      0      8    1   7.20    -1   -1     -1    -1  1  10  -1  -1  0  1 -1 -1
70   304617      0     15    8  14.40    -1   -1     -1    -1  1  10  -1  -1  0  1 -1 -1
71   304639      0     60    1  57.60    -1   -1     -1    -1  1  10  -1  -1  0  1 -1 -1
72   304780      0     16    8  15.30    -1   -1     -1    -1  1  10  -1  -1  0  1 -1 -1
73   304797      0    228    1 226.80    -1   -1     -1    -1  1  10  -1  -1  0  1 -1 -1
74   305816      8  25919    8  25894    -1   -1     -1    -1  1   8  -1  -1 20  2 -1 -1
75   306184      0      3    2   1.80    -1   -1     -1    -1  1  11  -1  -1  0  1 -1 -1
76   311443     11  22588   64  22561    -1   -1     -1    -1  1   8  -1  -1 22  2 -1 -1
77   311496  86344     46    4     -1    -1   -1     -1    -1  1   1  -1  -1  2  2 -1 -1
78   312631 101174   2608    1     -1    -1   -1     -1    -1  1   2  -1  -1  2  2 -1 -1
102   331733     14  25786    8  25757    -1   -1     -1    -1  1   8  -1  -1 20  2 -1 -1
103   334036     10  14258   64  14242    -1   -1     -1    -1  1   8  -1  -1 22  2 -1 -1
104   338911      6  27839   16  27823    -1   -1     -1    -1  1  12  -1  -1 20  2 -1 -1
105   339660      0   2654    1   2653    -1   -1     -1    -1  1  13  -1  -1  0  1 -1 -1
106   340012      6  17438   32  17419    -1   -1     -1    -1  1   9  -1  -1 34  2 -1 -1
107   346129      8     45   32  17.10    -1   -1     -1    -1  1   7  -1  -1 21  2 -1 -1
108   346406      8  43353  128  43315    -1   -1     -1    -1  1   7  -1  -1 29  2 -1 -1
109   346630 160567   9222  128   9195    -1   -1     -1    -1  1   7  -1  -1 29  2 -1 -1
110   346630 291317  43349  128  42721    -1   -1     -1    -1  1   7  -1  -1 29  2 -1 -1
111   346717      6    480   32 449.66    -1   -1     -1    -1  1   7  -1  -1 21  2 -1 -1
112   346773     12    477   32 448.31    -1   -1     -1    -1  1   7  -1  -1 21  2 -1 -1
113   346849    361   2734   32   2707    -1   -1     -1    -1  1   7  -1  -1 21  2 -1 -1
114   346900    370  43364   32  42511    -1   -1     -1    -1  1   7  -1  -1 21  2 -1 -1
115   347024 437881  43350  128  42805    -1   -1     -1    -1  1   7  -1  -1 29  2 -1 -1
116   347062 481201  43354  128  43318    -1   -1     -1    -1  1   7  -1  -1 29  2 -1 -1
117   347179 524456   9174  128   9046    -1   -1     -1    -1  1   7  -1  -1 29  2 -1 -1
118   347242   2709  39776   32  39738    -1   -1     -1    -1  1   7  -1  -1 21  2 -1 -1
119   347298 111732  28836   64  28809    -1   -1     -1    -1  1   7  -1  -1 23  2 -1 -1
120   347380 533445  43357  128  43284    -1   -1     -1    -1  1   7  -1  -1 29  2 -1 -1
121   347474 666526  19086  128   9527    -1   -1     -1    -1  1   7  -1  -1 29  2 -1 -1
122   347474 712765  37488  128  18729    -1   -1     -1    -1  1   7  -1  -1 29  2 -1 -1
123   347663 116109     60   64  27.22    -1   -1     -1    -1  1   7  -1  -1 23  2 -1 -1
124   348300     11  10944   64  10919    -1   -1     -1    -1  1   8  -1  -1 22  2 -1 -1
125   348456      0   8341    1   8341    -1   -1     -1    -1  1  13  -1  -1  0  1 -1 -1
126   355097      0     22    8  22.95    -1   -1     -1    -1  1  10  -1  -1  0  1 -1 -1
127   355261      0     12    1  79.20    -1   -1     -1    -1  1  10  -1  -1  0  1 -1 -1
128   356122      9  43350   11  42689    -1   -1     -1    -1  1   6  -1  -1 21  2 -1 -1
129   356163   1301  43344   11  43202    -1   -1     -1    -1  1   6  -1  -1 21  2 -1 -1
130   356165      0      1    1  10.80    -1   -1     -1    -1  1  14  -1  -1  0  1 -1 -1
131   356366      0      2    1 201.60    -1   -1     -1    -1  1  14  -1  -1  0  1 -1 -1
132   356456      0     14    8  13.95    -1   -1     -1    -1  1  15  -1  -1  0  1 -1 -1
133   356497      0     47    8  46.80    -1   -1     -1    -1  1  15  -1  -1  0  1 -1 -1
134   356596      0      1    1  54.00    -1   -1     -1    -1  1  14  -1  -1  0  1 -1 -1
135   356624      0   6160    8   6186    -1   -1     -1    -1  1  15  -1  -1  0  1 -1 -1
136   357528     12  25531    8  25512    -1   -1     -1    -1  1   8  -1  -1 20  2 -1 -1
137   358342      0      5    1 795.60    -1   -1     -1    -1  1  14  -1  -1  0  1 -1 -1
138   358482      0      4    1   7.20    -1   -1     -1    -1  1  14  -1  -1  0  1 -1 -1
139   359245     16  21182   64  21156    -1   -1     -1    -1  1   8  -1  -1 22  2 -1 -1
140   360947  76350  17630   32  17590    -1   -1     -1    -1  1   9  -1  -1 34  2 -1 -1
141   362746  74544  26472  128  26417    -1   -1     -1    -1  1  13  -1  -1 25  2 -1 -1
142   364522     11     17   32     -1    -1   -1     -1    -1  1  15  -1  -1 20  2 -1 -1
143   364600  72696  18336   32   4569    -1   -1     -1    -1  1  15  -1  -1 20  2 -1 -1
144   364605     -1  40661   32   8101    -1   -1     -1    -1  0  15  -1  -1 20  2 -1 -1
145   365172      0     26    8  26.10    -1   -1     -1    -1  1  10  -1  -1  0  1 -1 -1
146   365219      0      4    1   3.60    -1   -1     -1    -1  1  10  -1  -1  0  1 -1 -1
